100
10
48158387 31732072 577859680 872381739 746340928 277532111 412208897 552936861 205087887 607841981 
10
569924484 180628737 533838027 208930911 952075963 743963043 857015958 316371435 465878804 432916851 
10
115370538 472085380 517699314 874118036 676012175 914755991 860724901 454297970 968091587 996023266 
10
553221301 868766327 880271690 131080981 741148066 479128970 261129444 5873315 884582183 466217332 
10
466231648 454506667 646846069 69675 663437578 451438384 596549071 372969889 767809820 914944227 
10
658403092 735696710 387029608 28618758 462331098 63041783 943374749 323055999 369856105 763982688 
10
171595617 775593758 632749015 904383659 759191091 226413433 236028982 20320536 84803100 120611165 
10
486537868 551034749 427634185 985900289 403620776 91071763 289855026 169847 316558004 57664846 
10
767630427 974961096 645877908 7176387 3579854 108209007 70218170 799470955 283781358 292590627 
10
563453644 307893328 68184385 48719011 212276987 679891828 127648797 448305969 700212364 212451897 
10
421433487 39266584 763486646 849067672 25166874 167107423 792655787 167538252 19793622 109213792 
10
77719450 787424049 936691240 723597358 794600436 792787447 684322717 717334958 444774754 820620428 
10
862441937 8228398 128513756 783142674 909463762 193307095 463034503 37112559 641613065 15763219 
10
249564456 63046552 55029804 13051103 764630576 932713030 32674878 557286363 100251282 52468500 
10
519016507 30487084 692408902 308224100 754084442 339525690 953527899 290923512 909377001 398302653 
10
111543940 771818938 259047404 92574048 407477965 21027518 285881143 870512468 58140077 780010560 
10
738792039 160220885 695573464 646338195 25788340 460204040 431567577 58463218 870006756 384335211 
10
963448071 241539615 414822295 508373325 549763715 21423090 847899015 355807966 312346602 609792368 
10
754110620 276406894 234127659 865674376 221497294 641605624 886701894 507378437 364634444 944841971 
10
139905350 103426483 105062856 835478814 749764679 130851197 148199207 33848608 41830767 18205963 
10
418183820 5278838 259745578 833006115 366168515 662025646 854429205 66583883 17833612 19292159 
10
676376251 624460584 295699053 910503910 490134960 517196347 552109534 229353206 877091137 916743978 
10
26711529 16996487 872686814 131774386 852475301 474967845 115141935 674508 508816453 9489054 
10
871396823 927000273 867284245 131142402 760006389 233452760 645684400 466951946 300036643 663518012 
10
486244106 976412895 140494949 781943159 739433157 630629909 151655859 144059044 859983116 28746996 
10
60803022 886694645 898259835 786006188 870985383 603251488 260974033 838643670 456442349 769790487 
10
700649077 327839172 549307112 567933322 311497926 161829853 653902434 957182326 628781800 953939078 
10
473216691 115025906 782868325 613711640 749485417 374817834 96857901 901141276 518876878 809357369 
10
782404624 432196253 548568367 533180811 218202441 272070102 136432300 331692827 110713773 592874649 
10
101483314 663879202 773230173 503306778 84328876 84728100 665136632 738231310 894426778 293918432 
10
544686740 220159821 261460690 180071417 686387813 10946107 554889252 783245715 764603736 73766130 
10
445119436 399524712 505962383 993687803 932705524 576681177 265757906 69137824 908374004 228988031 
10
514528825 862373670 892867233 140275350 365680448 977196109 77519802 30817080 567943771 971946581 
10
177251864 112630512 44622754 438712554 292701929 731010568 302175014 847591181 366772635 66778750 
10
773873664 811892071 466303462 132352399 658096227 251525338 709033576 923854133 173179514 617407580 
10
5358516 687708339 332297602 750742101 827983690 697978051 580454562 905503492 581311483 148398333 
10
729966425 611079700 113545197 627105532 49792254 406247127 210632452 204483620 106354660 577405087 
10
271262370 880228324 241813510 590082185 12580724 899909737 841607523 574130652 676280222 14787038 
10
44054585 534155090 555011729 376352187 284897191 235511771 74330238 865351753 141015264 508158074 
10
866266439 723498041 119237774 979811636 203119925 21546380 238575115 413752377 78546353 344929776 
10
991157464 349808723 77674452 85487327 939890908 942771528 837913416 634014784 516902181 366709991 
10
648801822 560956766 900865081 56329903 937308953 38278625 291841675 864155544 903630378 285373291 
10
224829970 622413169 8871332 196584096 602224806 64507610 70646828 840799921 478259987 149193181 
10
38246049 321933804 351518257 115920502 407421131 143925517 911208382 97850899 777940301 280626915 
10
464560890 279258475 841583681 365425972 335588379 631408987 403704597 627430054 348080883 159851327 
10
912803345 425427205 782264497 774191029 622011301 237005655 838698639 545174481 930321928 316958627 
10
694367663 968567978 638892431 45885920 937004832 898829914 42327789 700729566 996680813 820268091 
10
981356482 461241704 99526566 675456515 679184028 435114945 159381854 82888625 62544999 507462737 
10
95256304 827864696 932889942 730037153 602055726 407417595 967042808 293270717 952592077 749881089 
10
610229344 499476092 570965419 101638127 397878364 360486603 468041 440206153 61216169 849665207 
10
112990596 42572651 163423263 212517163 570545519 842607291 500148460 729927373 778012268 415209812 
10
89906463 873268572 243074508 22796405 455822078 697646586 282730353 275381238 990917304 87838782 
10
25262327 453663000 439831226 596227746 555301128 837709590 956714349 408285521 130432095 870446871 
10
110467080 243422692 765535874 273890343 308456207 336081393 116497634 808604667 66008767 894509902 
10
223814479 8431582 620294827 319405340 31227987 76116905 17051926 166474692 204014495 7969230 
10
106829826 229276823 314148583 546661052 678020921 869449711 236886994 487251623 130251584 367319090 
10
357698494 240718665 463258134 123234368 514609008 771714341 311832114 483622995 580319008 230357233 
10
230649249 656649840 238788815 850944076 976055180 122533154 779577333 993107106 141524199 983591829 
10
853592689 248354025 65385004 20257624 795015078 743405925 889707335 31902072 83173900 872475271 
10
251737514 440872394 113193936 714995648 416623115 480319297 486709989 580971581 963942292 919545350 
10
811328814 47107893 576195190 902633981 898051970 404766722 25167135 530145655 250390180 19207686 
10
366253836 103982869 267561712 284155192 124240493 62576790 27561118 866464180 94478862 110735018 
10
591455804 198732729 404123765 557166092 913728377 673263232 37485389 252954719 254234813 853944033 
10
172500069 918079979 901051927 601211611 820713960 651620249 5978333 698397447 34282256 256368513 
10
717605134 253052445 212867735 985166846 537207637 189624580 900259988 417285107 908605113 847255202 
10
380536478 500060917 45987931 784660243 57227009 959716309 310439827 947228751 65187380 564674640 
10
653689136 237687449 335270971 407257415 838899060 8501283 911394016 697393745 706898730 945676273 
10
953762258 277020216 51245070 19146345 114703414 588452707 61287278 14963402 5737815 969892391 
10
714734957 386274293 322469660 760722888 23450888 232213021 572955549 333890715 31958124 638142929 
10
751081707 685647261 728346730 86352678 945421028 419762142 94853961 856815045 117155887 654269043 
10
655007670 923434498 931289260 706252740 942580843 898509026 147221799 3868121 765988781 152959614 
10
826276864 480723738 391750259 148746524 93962978 415201147 380959546 519434880 601608214 412917670 
10
10094161 352689921 951081283 738440892 291558951 896502312 158203034 386412912 605833709 127875274 
10
40681956 113357731 51309772 824487568 672126823 846406967 575512946 819348622 702791441 341501727 
10
972308237 529068305 674741817 216574848 530331182 768704796 631775996 911290728 140656028 85900562 
10
176724750 150750189 438590484 127806034 889191081 730149435 876824698 47394116 969078700 335174759 
10
27785742 862277008 301048842 79095514 539280928 973175665 925502481 114793874 792524287 480810274 
10
308811954 617348876 9878580 983553771 833923725 392726114 604774919 318216073 156533194 745430947 
10
404116635 333257944 896181137 695223471 313580330 785372218 277889259 42921380 685282686 246967959 
10
230612491 713068428 109244967 531661333 644680294 501042247 504836998 422699128 615836121 149877638 
10
903509402 924648075 619742866 765904334 760718199 306182943 158630448 365493118 624399016 315163642 
10
110924066 881032004 500937939 859621555 576255475 814518269 497510125 854144734 709956002 35309164 
10
953629045 940568493 748377592 915390364 472229827 245574239 416432611 829583177 668273367 884785085 
10
979460815 571782769 661949512 451720034 190203456 422667711 757902977 348833904 640677182 234818346 
10
516513899 604117600 115850350 17451838 463739155 544622177 684486459 961249280 251283264 394442461 
10
996558444 204912309 187527307 597452389 120302674 659757134 843026628 389251637 341856663 363816347 
10
126553074 173833831 935599116 788502587 625553865 125802572 63686650 383456842 327152829 704363832 
10
618275188 843666728 308481432 586641890 713634918 624736939 131264068 398121377 438502572 382547332 
10
645080191 287577368 439975993 832607498 885029757 412795019 344880984 580572737 802046657 686737647 
10
944389084 928599731 860571478 732504553 569618670 486125343 710823477 633305321 722098538 890492658 
10
337669153 192890078 586675738 498666938 779531969 300310656 123403877 910796037 550948386 561906449 
10
145859721 196028577 849483818 585835714 28636075 587029927 998630734 226033411 20119017 653193743 
10
912771058 817024453 434309826 773342537 402045358 3928497 111984232 112868836 489750170 834082770 
10
855877846 827419323 26972849 442553585 178602613 659021170 595380593 302006491 422333559 146328979 
10
716429292 568193280 194873908 418429462 6545346 76026335 5459390 857692432 302059746 878094759 
10
363402527 214830805 695119212 797712354 840689694 97164571 654157203 952673926 62549759 143907373 
10
639273049 770943957 823843048 518762250 66013894 2445662 30299772 661394488 156968505 452633331 
10
807723467 873397797 20826611 2597376 144343612 879888309 78623711 2319354 737580742 233199810 
10
880414113 100983269 448030615 428049677 751211975 141236661 377730600 257885530 93910587 292796711 
10
254309255 585699988 63740669 930668656 956978590 129754563 785630670 987278362 791149051 942599175 
