10000 100000
632
3095
9606
9159
5354
3633
5675
4694
1178
3434
6852
4974
3840
7119
8957
2028
7655
7816
7568
4619
22
2379
8672
3521
6166
6276
4229
2559
2159
5608
4692
2791
5054
650
8301
407
4282
3975
1452
1811
3760
8304
6785
7600
1774
5741
5979
5781
3556
3546
399
3578
5925
9070
3450
8442
5345
4031
1001
7504
9638
2044
6646
4692
2693
4946
1450
3326
8920
9254
1489
9031
3909
8273
6630
5682
365
8961
1462
3921
2506
1861
3850
4782
7282
7299
3224
8979
7681
576
2834
7319
8971
9479
2010
1664
4424
9811
1341
9695
9064
2829
8725
2972
7453
1707
5006
7818
667
6467
8090
3172
4679
1939
4306
1961
5589
7529
7291
3270
8104
124
6940
7074
9602
5301
5089
377
5111
2782
6423
527
1962
5147
3498
9415
3205
4855
7232
3871
1322
5321
3395
2352
3611
4052
664
5551
1580
7954
5172
6035
8077
2111
9460
7678
7411
901
4406
8874
3682
828
9400
5643
2327
9249
5057
5531
4104
8640
5754
1777
312
5500
4128
3922
9551
1144
9473
7482
9097
996
3516
7174
3107
2975
1203
6869
3875
5609
5742
3908
2788
1493
9551
5114
7094
959
645
7549
5951
2750
5677
6262
8249
6156
6536
7799
7299
2360
5280
6396
3355
5147
9921
6461
8121
7475
9682
8348
9435
1775
2255
2223
3268
8157
7336
6713
5468
4332
613
1418
7081
6289
4031
1681
2444
566
5831
9743
2925
7462
2490
6280
2608
8762
9092
7081
2588
8773
1780
2023
548
4034
597
167
8543
4284
3231
362
8616
3843
8131
2048
131
2161
81
8926
9079
5911
8668
2003
3373
7509
4634
5980
2622
3726
9412
5210
8850
1191
7232
5749
1577
4180
2267
119
8463
5497
6832
3430
5691
4962
5478
5821
7122
1910
4747
2552
7820
9766
4555
1192
3627
5540
3524
6248
9265
9287
7809
4467
478
5040
215
2054
9219
8834
8524
4034
4330
5355
7463
6373
6668
9292
2193
141
1201
3291
2693
9021
9409
7247
6564
9387
2786
6439
1986
8403
5726
9795
9221
2555
1186
5787
960
6757
4620
9483
790
5302
1189
8252
1674
7856
3896
218
4348
5096
9861
7040
468
5621
638
3384
5007
3424
6174
6992
8178
1899
6786
7398
805
7972
9536
1764
4728
4156
7598
1869
5809
8786
120
7482
2993
367
4051
7341
5463
3911
4380
2282
9531
5018
2017
889
4793
8191
7881
9322
6441
1018
3071
7246
5341
2606
9009
6420
3113
6607
8288
8921
1744
4760
2754
1089
5126
6805
8429
6940
715
9160
5574
6598
529
7590
7486
1673
2132
1718
7346
8573
2736
416
2170
4428
9374
7530
848
2486
488
5487
7759
2232
6598
512
3320
1724
7316
8100
5015
4383
3611
6940
980
4140
4530
4817
2164
3013
6535
9510
1585
5622
6277
3754
49
5650
7636
7248
4488
8123
9087
8598
354
5684
9109
25
3759
2777
4476
8774
7159
8087
5713
8138
8578
6594
2954
741
9607
5840
6602
7543
1461
2879
7649
7862
4880
5284
1461
5719
3406
547
4316
112
6231
3425
136
9989
6201
964
5114
9711
9050
7179
7848
7627
124
7153
4719
9730
9345
1321
7273
805
551
1273
5018
5430
6556
6479
1149
6313
3377
1816
6424
5959
1592
2912
2300
4144
3875
7413
3854
2924
943
8053
6902
1067
1558
7972
7148
902
9292
772
8058
9842
2044
3076
1624
8599
5906
9124
4912
5634
939
7687
1593
8883
598
3892
3026
4472
7656
6880
3747
8599
4932
648
6017
2841
8620
3164
3742
4263
3936
1800
457
2331
1227
8432
930
7132
7555
2193
2765
4845
6231
709
3727
6829
4600
3105
7652
8608
9984
1399
3558
1267
8398
9574
4108
3369
9089
7849
7632
3024
6000
4440
5355
7226
9223
2636
709
6777
1180
9826
7973
7410
534
8052
590
1486
1156
8242
6445
7491
9640
2
5109
4389
5927
9216
7758
5015
3417
1741
4391
5768
6180
6097
2994
1754
5084
54
4882
6263
6231
2854
24
3117
7257
6966
954
4764
5207
7398
8606
1198
3751
3715
5586
9677
9282
3343
1043
2698
1435
5433
4818
3966
1529
4163
5719
2964
4216
600
5578
6799
3454
5602
9915
7062
8919
868
8178
4125
4617
6783
5322
8367
497
7259
8043
6131
6954
9085
5180
8388
870
9997
2354
8750
4159
8072
1714
4727
8672
7291
1525
8477
9244
7791
1890
8162
5010
67
8638
9626
6850
311
7992
3698
7570
6034
9828
4523
1470
5008
2910
2339
5004
5263
1089
5515
9687
9154
241
8358
6444
8117
3186
2040
5907
5075
201
916
5142
8839
6893
8343
5501
4884
2040
3070
7269
8220
3944
8738
3227
3206
7429
4582
8468
4869
6448
4506
4022
3040
9215
6817
1156
2400
8856
3414
7475
5409
681
8968
599
7573
7310
6099
2456
5701
5521
6076
3920
9464
1166
3498
2669
8594
4432
7489
9814
7231
1994
187
271
1209
7003
7778
9960
2211
1192
3786
7619
8224
2753
4569
5797
6414
667
4604
2115
6187
7032
2386
2003
8197
5884
4671
3142
6667
2159
2955
3897
505
9493
4167
8065
6495
1945
4376
5057
9488
8162
9027
4063
914
3595
6211
7328
4262
7167
5794
6800
4198
8179
8802
2394
4062
9825
1887
7080
8335
4841
977
8839
685
1495
3255
3531
9791
7631
8588
9278
5792
7614
9693
3057
1209
5903
6736
1822
3069
2529
8621
3618
708
3775
6011
1121
3599
7897
4553
1933
9089
5529
7124
9773
7023
378
3304
6814
4360
8243
2443
6503
5856
2135
9560
3416
4390
6295
5237
3810
5176
3858
7428
2235
7632
9790
3355
7582
7687
7907
9514
3127
9787
6637
9252
3162
3367
8907
9975
7726
3501
8769
581
9356
7256
140
2772
1645
2786
8008
5454
7961
8217
2881
195
2200
2671
9902
9781
6709
4160
5647
6187
3947
2283
1790
7108
2001
696
3434
6079
4196
2202
6659
9904
5809
3150
9027
7453
5935
3386
9259
248
1603
2139
442
154
1161
6695
9935
4221
855
5581
408
1153
4215
8549
4612
2568
5597
4397
8646
6144
2950
5304
6047
8759
4805
5073
6211
739
4811
5469
986
2765
3960
7780
2918
1472
826
9204
5693
8032
1136
2452
9184
5351
1000
147
7918
6596
4543
2915
2740
7493
4570
5138
6251
9374
6563
8813
112
1373
634
7450
4137
4593
1581
7054
2416
2406
6258
8108
438
7393
6911
9621
9095
7911
6120
3364
858
662
6278
9949
4506
847
5087
7108
220
1649
5921
6684
9373
6554
4133
3509
7498
2065
6914
6265
4470
9523
725
4907
3268
7635
880
8714
1897
6999
2078
2755
4012
4707
2703
8518
5554
4141
5625
2125
2141
7897
5160
1513
802
5644
1373
4651
7708
4639
916
2178
4161
1640
7084
3780
9274
7963
2494
7523
1313
4571
277
5325
9277
9331
194
1182
9824
5818
9659
1964
67
4818
9829
868
462
1201
5519
8169
5839
2786
6698
6352
4425
3782
131
50
8096
8976
7572
5761
3546
4200
1085
9175
9883
1278
6708
9706
3447
2718
8021
9865
7536
7849
733
4349
5402
2603
8869
7592
5388
5567
295
6164
5700
6778
6213
147
5753
3785
5907
5651
4336
3343
1177
4218
972
7884
275
4419
602
8296
635
4489
2496
1367
5189
4249
321
4057
1841
5708
5975
8487
8223
1674
5264
4436
1821
1017
4572
4079
6667
8907
7422
7843
9477
8393
2078
9751
9163
9031
4398
9798
3519
6894
7516
8707
1142
7837
9116
9334
9896
5090
4173
8119
3116
9436
2554
1288
6804
3477
5366
3470
2383
2787
7664
8211
1180
9742
7962
6694
8772
2359
6491
8643
5604
4007
3701
3098
1843
2816
8783
8090
4258
2955
6208
7373
8743
5113
8660
5546
8589
377
9016
7324
3164
3031
5534
695
2772
9847
7388
7896
8558
3879
2890
4161
4237
6590
3610
2431
5758
2393
520
15
1699
6728
3739
441
8192
8750
5987
3133
9126
5002
456
8641
8032
2341
9335
7156
2188
3075
1403
745
3305
4292
1257
7541
881
4867
9971
6638
3611
490
3004
5309
3569
6742
5750
1761
1843
1736
4893
969
3089
1700
9609
7472
392
8944
4627
8931
8370
6029
9675
1674
320
7284
9214
7553
8502
5536
542
2112
2377
3546
7420
5946
6639
9521
4058
8482
7608
5302
5802
696
3353
5410
8168
3744
705
9146
2675
9074
1527
8701
7099
8198
5984
6312
5750
4485
8199
6292
2948
576
6189
6720
6521
9179
6240
6930
4012
3848
2231
9813
895
5583
1575
5414
9326
2279
4560
8352
7705
6086
7053
4803
635
3036
7467
6385
3873
5665
9028
3172
6240
5216
9891
9112
746
2483
6041
4758
2682
4623
922
9928
6557
2496
5342
2235
4775
6253
586
2479
8690
7638
3633
9324
7026
1099
5708
7250
3116
1087
421
5707
6302
6664
1171
3400
5498
3563
8157
4531
8186
9078
4458
4742
7926
6151
6976
2700
2403
7562
1530
1092
1551
1514
416
8576
2613
2475
2177
2080
3562
2598
7786
6215
5613
5308
9614
7462
8871
4122
1992
3408
9552
6449
8149
7477
8952
1477
6528
1354
5390
4409
8798
3292
5922
5565
1868
4886
8039
4044
6965
7952
2993
1103
519
4957
2762
132
2418
1632
606
4409
5039
6509
7210
9540
337
6161
7368
6864
3866
2757
7624
2663
2400
3545
8227
4267
4783
2618
4663
1747
569
4007
9201
1087
5316
1963
7571
7733
9946
4528
8494
1337
1036
5703
876
7724
8215
8243
939
2080
7351
8562
1095
9750
2106
9321
369
6888
8290
1383
4987
8859
1741
539
6297
7056
8853
219
4789
5151
1098
3282
6487
2133
5336
7362
6208
3550
1956
7146
1981
5658
5707
3075
5407
4165
8748
2127
7404
7037
9861
8742
2247
1602
9281
4896
8657
4485
1466
9797
9635
2564
9430
2473
1048
4765
9834
7256
4666
8141
4401
2999
3798
6460
2425
5557
624
1172
7683
8027
4561
3896
6769
3159
5497
2401
4406
505
3237
5872
302
9224
4787
9731
1696
5834
848
7882
3089
5513
6022
3842
8511
6172
301
936
1728
924
8459
5762
5302
9371
9657
8422
8882
1505
7174
3287
2010
6763
5510
8663
5986
296
8393
4033
2482
9240
1914
5570
1105
4288
5763
5967
459
6063
3254
2186
3338
8065
7947
4992
7435
3956
3413
2668
5460
6939
2307
3821
3701
7816
2483
6038
4464
876
70
6945
6467
8336
8866
3923
2623
4629
9890
3081
691
3143
1618
381
1207
5916
5372
4994
9871
5136
7661
1683
8426
9967
5503
2126
4135
7986
4515
8598
5213
937
1894
8031
9272
759
1954
1894
5387
8195
1326
2430
7689
2943
9162
8896
5210
4533
241
1433
6020
4253
3115
4446
4220
4969
2923
8354
2954
7438
3303
4518
8374
5196
8901
3997
2306
854
2242
4045
5400
3567
6474
3088
2861
1987
8335
4422
6519
8575
5854
2538
2828
8968
3335
3399
3937
6258
8104
3242
47
1406
4112
4772
2953
3012
8768
1610
217
1009
5654
5616
927
8479
5055
139
465
3390
4560
3335
8316
414
5873
7495
5733
9207
7245
6021
1816
5348
9263
1862
3105
9726
6633
2409
2737
5400
4019
9305
2760
6024
1272
38
4503
6326
176
4967
6067
1088
4654
735
7853
526
4581
3585
6084
1826
9606
4252
7173
5220
6113
6630
4945
2746
9038
4033
4497
9408
3337
3609
5432
960
3646
9934
7285
174
1252
9704
7613
5905
6790
5465
2782
1370
5401
5218
3195
1358
9469
6720
6577
1933
9701
7873
4678
5090
1905
5527
4498
1593
9135
9929
2552
2780
6214
6189
9305
3817
2244
6917
6074
9033
2381
5207
402
4134
6776
9949
5491
2596
3020
2068
4529
2720
6292
9206
7809
8197
4732
8658
6141
218
4938
5045
9350
1151
7585
8654
1320
9828
5571
3745
5212
4303
8951
1965
8436
2079
1913
279
4674
1284
2346
9202
4003
8637
4760
8164
3185
5843
6821
5678
6061
1759
722
5410
9261
4658
415
6932
837
2337
676
6048
6640
5979
8012
1427
8057
6277
1705
9082
7560
402
8284
7915
5391
3043
2430
4927
5237
5602
604
1297
3712
7677
3058
2973
8686
3473
6256
9522
5809
6932
5569
8800
9262
3581
6579
3670
6209
8283
2751
120
5037
1034
4386
427
428
6815
1705
2017
2417
8661
3313
6128
6337
2723
5452
5023
6195
1708
4544
8355
4991
6465
7155
604
6397
3733
4273
2605
8367
7023
9076
9755
4409
3462
181
1188
276
8238
3204
9044
6898
2869
1524
3234
5591
6975
4608
8137
5034
5504
2843
6376
1968
6349
6979
4716
6433
7603
7320
4800
978
6395
906
1738
6208
7439
9277
6484
5676
2481
5527
2573
1701
7050
2158
3643
377
3118
8131
1762
8621
973
8138
6940
7322
1468
1655
3754
5423
5326
4905
6400
8072
5811
8137
4280
3249
7413
7115
5276
6245
8993
7848
4297
2395
5
7939
2771
9474
6069
4532
4446
3394
9021
1385
715
6841
9391
820
8615
1068
2077
5014
5492
7887
9502
6123
7487
3266
9589
9114
5863
8581
6961
159
975
3317
4450
3745
2791
518
4629
7236
263
1
4973
977
3193
715
1797
1807
8135
3873
3172
3626
8111
2673
6100
1949
2291
5688
1062
8153
4268
4374
4663
1595
4042
9112
1691
6832
5982
2671
420
6244
2672
1744
3573
2216
2458
1721
4023
592
5593
7194
569
55
6219
6668
8355
8509
8707
5768
6661
9327
141
7675
921
4182
6787
2611
7366
9120
5282
4137
5363
4305
5880
8935
6520
4689
655
542
5281
2599
4088
2201
9005
306
8869
3711
8814
3927
9478
1826
3253
5970
9500
4173
6504
2638
3136
3869
1757
8417
8005
3472
2721
236
2406
5592
4924
9413
2486
6556
8363
6573
8757
7368
6878
3977
1078
2043
7903
6908
3868
1156
2877
9719
5328
9380
2357
4815
9600
465
3231
3956
3936
2303
4191
2694
7895
5467
2106
380
2022
468
3304
778
4187
181
4754
1617
2223
2657
4876
2442
3812
7752
8512
5491
3484
868
306
9435
7685
9888
3391
1620
8543
3933
4313
2789
9399
2770
3168
1421
9590
2823
2198
128
3003
3304
8096
1577
5960
2971
370
6123
723
8881
7965
558
6101
4622
9992
3785
862
3382
1756
9404
7315
2421
2192
3065
5190
1711
4485
1131
4533
3035
7611
3887
6338
5706
5463
8649
8677
2184
4771
5751
1064
9087
6308
7164
61
6299
948
922
6033
2704
325
9699
5124
2516
2763
6665
578
3600
4148
5110
6634
1758
8996
9323
7463
810
7971
6139
2993
9093
1889
408
4531
4548
7572
4591
7199
4871
5512
3231
3926
2188
9281
5401
4703
8395
8418
5280
8346
2565
6741
1331
4322
2088
653
8136
9249
4975
4275
2241
419
2515
9001
4950
7063
6572
9540
613
7794
1404
195
1720
3591
9475
7120
4646
4221
5537
6277
2567
4453
3018
3897
5126
1457
902
3262
706
5876
3888
9298
6295
2754
8298
7596
6168
1221
3487
6780
9015
4890
6974
734
4833
2800
4205
9478
7021
6094
5754
5939
6898
5123
9835
2024
6580
736
5285
3637
2964
5524
2934
5610
8277
1232
3205
4445
2452
6691
1224
7818
7933
4550
8551
2765
7349
9108
8594
721
1553
699
6659
8450
5822
2846
473
8753
9933
2109
2389
2896
7632
1674
8505
2261
9257
8061
6705
8061
1104
4280
5878
9036
8829
781
8152
2530
9888
6745
3250
7792
3795
6261
6241
9616
9106
3066
4720
9038
1526
3460
1934
5510
5134
6790
7770
4390
1203
4474
2450
2306
5105
4680
7693
286
5460
2196
2815
1699
5292
2416
9490
9086
8676
2082
8702
7781
1499
9773
6819
3025
3233
5104
8534
8366
8245
6303
9107
9447
7128
7909
1752
2232
2588
5796
2517
4399
7991
1683
6097
3282
4099
1938
2368
9126
371
7421
6907
1870
3545
77
4894
6777
5180
3427
1494
3424
9729
601
9223
3208
4861
7326
5439
3800
3122
4308
8198
7464
2342
646
7098
2792
2583
5817
1918
2953
9589
5176
4822
3133
5252
6067
9910
6783
9493
1403
6558
5573
8355
5780
8780
9567
9458
571
3366
2579
1230
7915
6394
3571
8560
3491
6363
7494
9307
4632
6799
5247
9807
1620
8380
1410
7687
8289
8192
3531
6043
1101
9104
750
6881
7883
316
6338
4805
3682
5268
6034
1596
8013
9605
6508
7856
2319
4001
3514
3302
799
8761
9460
8771
7140
869
2809
5428
5412
6339
1470
6512
1794
8571
9744
6029
8887
2433
833
8920
4052
6867
6867
2065
2823
3374
9920
1493
7375
3433
4794
4525
8545
4253
3295
5684
1473
6103
1111
6884
8794
8933
9747
587
7503
9491
6615
2741
8275
3800
1660
2327
666
8527
743
9840
1900
7014
1332
5626
6798
2477
151
5343
3081
9797
1026
4553
2252
8489
7788
1045
3773
7534
7983
1275
3376
950
4016
8003
4749
2027
329
5414
553
7423
1605
8805
788
2936
4430
7585
5412
932
2927
8492
729
305
9396
9332
5145
7183
376
8917
1068
4710
6543
4444
5659
558
2446
407
8937
9126
2172
9489
2900
3776
8293
3687
3063
9075
1271
4826
6
550
9669
7086
7206
9064
6417
2350
6246
3144
1266
3666
4206
7808
8109
9864
4718
6906
6623
3654
2383
5146
9494
1634
5274
7787
5320
8336
6861
2942
9514
3218
9843
9182
304
7048
4598
3072
5749
7195
2568
7014
860
6773
1174
5320
6636
2243
8577
9610
5896
959
4756
1741
2592
29
9527
4263
4716
2739
7205
581
2309
7047
9763
8964
447
4360
2035
6195
1554
4602
9561
8766
7726
7086
4085
4362
9328
2662
323
1575
9972
5078
9667
2564
1458
9194
6826
2526
8284
382
3106
6944
3781
9220
5907
579
9931
4294
3125
7837
5247
2685
6602
2973
6122
686
7334
1801
3347
7656
9727
3319
9086
9394
2234
6895
4939
5411
9420
9574
2145
8878
6518
5925
8097
2424
6503
8028
3069
9627
2216
8316
8664
8817
1288
1137
9502
4973
2938
9201
8980
9016
8871
4417
8409
7456
1312
9699
2866
731
9273
1362
9608
2142
7286
7705
917
140
2084
3986
6119
4299
2301
4782
9467
9940
5918
8968
4912
5207
4520
3891
575
9742
8308
5335
7197
5971
5034
6415
6701
658
7776
2661
2799
1414
6717
3715
1553
8800
7700
4023
9450
6352
8804
8916
6291
1074
4235
1202
2632
5107
1445
3206
4848
6104
8541
8397
2074
9926
1163
5126
583
8938
7786
3381
6703
4502
3447
4608
9653
1147
8630
9102
7498
3786
4369
3789
4859
4956
1342
3842
62
9138
3400
1261
5241
8292
9657
3666
8217
819
8792
8799
6109
2929
8531
9163
7431
1977
3770
7083
9475
2400
2537
3325
6185
3257
3465
7395
8212
4806
7588
8273
296
987
9534
5536
9278
5542
5554
7494
2713
697
2644
8821
3625
7526
7983
7407
5855
8105
842
1681
6856
3378
5005
9392
6634
8469
3138
4846
9627
725
9470
9922
1712
5355
1809
7341
7249
7362
4835
9961
4410
3830
5133
8035
7708
9467
1793
9914
7571
2634
1594
778
6011
6599
169
8997
5067
3306
194
1045
4031
6015
966
2094
1370
2775
9434
8618
6488
620
4930
898
802
62
5284
8509
9528
7076
8422
3451
6062
15
4228
2072
6613
4397
7420
8032
4054
7613
9076
8084
9980
6394
6529
1349
5520
5963
6318
2007
6582
1247
9256
7383
7660
891
2243
7187
4319
664
6989
380
7031
1217
8803
9995
1965
6223
4378
6018
187
3454
454
6518
6199
6982
7866
1718
2944
535
76
9526
8133
5684
3260
5792
6574
5503
9331
7244
2518
6319
7623
9548
7535
2778
9543
5851
5352
3920
1869
1890
3725
2322
8408
9923
9303
6273
7992
8599
3160
8068
8124
1292
3751
7735
7084
6676
3237
6414
3920
5755
9084
7894
1654
6619
671
1196
8821
6022
1468
689
7912
1544
3010
2671
1467
8665
5295
5810
7263
8454
3877
1738
6098
7627
9472
3181
655
9061
5946
4574
1167
5029
2467
2820
7999
9490
368
6820
5511
1835
3860
9774
9730
3222
2444
1196
1886
4091
3358
5500
2544
7234
7237
8641
1213
3060
8173
1867
8472
470
6440
9638
5499
5258
2458
9849
4747
9177
3020
6610
7363
6880
2735
7092
101
1531
4640
8338
5621
7997
189
4516
5230
7425
3157
2794
6836
7681
4660
5308
8151
7451
4945
3649
9061
3754
9849
159
2930
9221
6768
292
6100
5855
7384
2552
7385
2023
7241
3005
6371
7429
7520
1600
1205
7028
746
8040
4709
1757
9699
2859
5560
4644
2859
4620
4749
9059
4778
4031
8279
7898
4322
4378
3752
8057
3281
1136
6431
521
492
2801
4301
4363
753
5505
7743
1498
9897
2451
9606
9595
1661
5165
590
871
9784
5339
9929
914
9369
8208
8811
42
8937
8914
4451
8570
6401
7233
5442
6892
6386
9743
7606
7138
5247
5348
4987
1495
4150
4592
1090
2162
6109
1679
3032
5892
7017
9313
3157
2737
3872
8319
9131
9160
7232
9933
7729
3632
7165
9523
6875
3550
9265
4481
7039
863
6180
8377
2358
6682
9321
9799
8843
5429
1477
8227
7672
4846
7539
829
3934
7762
5499
3064
6921
2731
2996
1002
6362
6513
524
3237
6414
6140
4069
3453
3354
248
8181
2063
6929
7501
1861
2124
9281
9690
350
3305
4535
4240
4133
8468
2001
5983
7884
5273
8713
7231
2626
1427
3743
3149
4663
157
5640
5083
9961
5346
5330
8141
3760
8611
1994
5621
734
1274
5310
7435
4578
6196
1674
5062
4663
26
1045
8898
5298
6109
6129
7924
7535
9871
7424
8549
6379
9416
3631
6339
4761
5313
832
8520
3923
2825
492
1008
450
2153
8442
1380
4700
6467
6441
9363
6492
3837
4612
8141
9946
740
6064
3832
6963
9840
2381
9693
9255
6011
2384
367
7675
3215
5238
7949
2391
2082
8956
2840
586
3749
4219
5286
215
7012
1000
6706
7200
5611
4847
7145
6351
7262
977
9665
7101
9709
9357
2707
5719
1740
9425
9746
1306
4663
7694
3696
3096
3002
2888
3681
6750
3458
8966
3317
469
9965
22
7669
5576
1220
1165
8278
4834
8493
7942
8286
8201
3650
993
272
1742
6769
17
3047
7783
7710
3095
878
7063
5982
4559
3813
9439
9876
7129
6260
9841
3502
280
1768
1074
7796
45
5907
6289
4338
544
4489
7987
1536
4760
9728
4657
1128
9127
2439
5190
2221
3317
2252
4554
4227
2416
344
4102
5896
2955
294
5750
3234
2061
6823
7382
2105
9081
3670
2794
9624
4510
7133
7512
5622
3212
8520
6749
2338
958
1938
910
626
542
5463
4852
2957
2159
5306
5205
5113
5599
954
8347
7660
4128
5728
6116
9560
5749
5262
5535
258
2394
3046
5879
5605
7917
2628
4295
8875
917
5204
9500
1458
7019
704
767
9177
6009
5971
4289
1607
6924
8987
5618
7403
1066
8086
6962
3166
3347
2496
3424
2092
1894
5654
7696
9810
4633
8342
8684
5550
9898
4536
3359
6916
5239
477
2444
1247
6447
3084
9205
9722
2071
1175
7124
9488
9260
4085
2654
8958
6581
2429
1049
8474
8082
5096
8283
2715
9790
3319
4616
9687
7854
4326
6602
3092
4803
5397
690
7601
8480
6246
3675
6902
7420
798
6390
3031
1235
5395
8340
4167
7823
9388
8992
2256
836
3626
1322
625
6944
2289
6663
1149
6615
9616
592
7769
5012
1281
1721
3491
7527
5395
6745
1298
2545
3134
4329
3779
4880
2668
4297
9054
8408
3288
1309
5595
6913
2631
2571
3857
1271
9233
1357
7885
8848
1949
2005
211
3229
3726
3701
7107
5472
445
8405
8016
9930
9085
8146
1161
8104
2442
214
6511
2081
1523
2105
8994
505
1027
9202
1775
259
558
6012
5458
2506
8016
5668
2087
8093
5721
5545
9917
2517
3949
4284
8799
9385
2430
9959
7489
1223
173
3999
3304
1695
2456
2297
8551
9834
7850
6677
93
8407
2688
1902
7265
7056
3922
9351
1500
9642
4895
1416
2158
5196
5700
956
932
4481
915
8420
2055
7439
8771
5358
5485
7578
4006
4035
7411
1855
711
3855
6614
9751
5757
3878
6806
6030
3228
4657
5671
4474
6073
4180
6021
8124
1488
6953
8956
8754
5372
1010
6192
4142
2720
1676
8071
6725
2062
5482
4932
2772
5688
7897
8874
1444
1774
5679
7473
1353
336
9495
5826
2760
27
8199
7235
1514
5151
6190
267
522
7199
2810
1016
9918
4485
5438
2995
2898
919
4278
2021
6607
2174
895
4402
3947
6573
8227
1651
3260
4073
7476
2371
4099
2026
9605
5612
7176
5794
2230
4050
9345
5039
5065
5614
5875
502
8608
8772
7773
9237
793
731
1410
8039
1484
1708
963
9710
3358
4223
3783
7186
2945
4233
9211
2550
9845
6387
4695
8426
436
4039
3465
1852
6005
5691
8705
4612
815
2829
3849
7959
3559
1610
5997
5043
3318
6959
1104
6675
7533
1238
3860
478
5471
3071
9379
1667
5809
4073
92
2596
4464
9908
4447
468
5599
3151
1431
2765
2332
1631
723
5890
3241
3071
7284
2910
6381
4740
9584
3914
5977
9796
743
1447
9218
121
3113
5026
545
9557
7621
1360
9464
8419
8179
5062
7921
9610
4178
252
7592
4900
2494
7184
4322
9777
93
703
4516
6029
968
6845
5824
1710
4643
1393
8182
4108
2770
8726
3664
6742
6438
3127
5160
4616
4541
9432
577
8718
9684
8169
9970
2177
5352
4291
8305
1797
1345
9173
7825
2312
6017
10000
373
659
1392
8554
4766
513
3632
8429
7254
69
1556
8765
4684
2448
8196
1613
1165
7879
9781
7486
6407
1484
8129
4712
3280
9473
236
1104
8137
6252
7455
8509
6910
5198
7063
1676
5710
694
6456
2963
7114
4363
8079
8149
6810
6275
9761
4327
505
5893
8164
6912
7377
6292
7975
656
2117
8210
8112
253
4461
5566
5113
7722
7116
2175
5749
2825
9220
8557
2140
2685
2919
218
834
6081
6492
6946
407
3349
2839
4922
260
215
1214
4586
7222
9682
2795
5333
9934
3607
7251
1398
7680
4366
9925
3429
3542
9144
8337
2033
8181
1255
2251
5366
7335
5094
2311
4093
8442
5149
9015
5053
1715
6580
9638
8937
6261
8784
621
2546
8742
7871
3943
6422
8588
3867
6202
8482
9363
4538
514
7543
2144
2764
2908
9479
4210
1570
9923
9003
6719
8937
4056
8433
1868
45
7369
8128
5181
7990
673
3922
2212
4616
6695
7152
4834
9248
5633
4196
137
6146
8090
2281
5262
997
8111
5823
8919
8033
4825
5637
3322
5232
421
1541
1629
4142
9669
6809
2131
6693
7082
694
1308
3777
4197
2494
9376
9829
6689
9513
2327
4779
8145
7588
2127
6255
9762
1045
639
938
3033
312
6170
3454
1853
4150
7595
7873
958
6077
4565
4391
3122
2225
4519
7319
4718
3895
7147
1406
9759
5825
2536
7903
9764
1015
509
9525
8411
7499
463
7796
7811
2984
1249
6015
7133
5195
3887
4442
7623
4803
8832
744
7027
3351
4414
1744
7245
7913
9502
3355
3737
8389
1257
3501
9403
8117
9377
4166
5615
9839
1961
9777
9174
9561
2143
6306
1107
2381
7099
8729
7184
5931
5824
4210
9281
6590
2306
2877
4502
1807
2583
8238
195
3839
8090
5950
1955
7467
6467
3921
3657
4779
3698
2831
691
5840
9136
1797
8221
6235
6877
1756
8517
9052
5965
4149
5641
4622
3377
142
6428
5959
4732
2975
6149
2821
5276
4455
6639
1742
8375
296
6520
8424
3126
7210
616
8613
5358
5188
1199
8586
6943
6067
7637
9259
215
9630
3881
3591
9771
6660
5901
854
9634
2049
3675
4909
2855
6665
6650
1230
6960
9521
6005
85
3082
6620
5050
8439
1807
6248
7024
5101
8667
1013
4360
8881
642
4592
8824
6764
1251
4724
7618
885
3125
7644
2145
5979
4308
8795
3560
1268
4667
5917
7704
7749
2536
9105
2539
695
1705
5915
5795
371
3279
6506
9251
3920
7449
4426
683
8700
9150
4652
5936
8626
8647
8080
956
2955
3226
868
574
7893
6784
4629
1993
9319
3734
4531
6365
1790
6797
8512
2160
75
5017
7762
3994
8818
2188
1029
7517
7689
2032
3452
6314
679
1531
3621
9985
4757
4488
6910
9001
1271
7890
993
6942
7975
1875
3306
9764
8672
1817
8275
8746
3186
6037
9092
2003
8224
6472
9519
2264
4855
9322
4929
1885
7204
8549
1869
8312
9389
5130
7312
659
3020
8304
7600
994
6531
7258
7110
5202
9074
5384
299
8611
7772
5742
613
5995
8565
6483
4610
3420
5804
9538
5304
9360
4439
3525
7671
3827
8654
4983
4485
8025
9638
8437
5371
6168
5694
2480
7721
1119
4215
4372
9730
1987
6465
6694
4333
5030
3177
8943
4801
5332
4832
104
4691
9270
9980
2362
3096
8634
3696
3933
3010
9685
8721
8380
2205
4414
7211
6277
1884
1426
648
7965
9764
7113
4659
448
8494
7835
9390
3294
3166
574
9749
4209
9843
9729
2922
9291
4714
2969
3223
7723
2653
1943
6103
1209
2708
9665
7486
943
7442
8133
8908
7205
1597
3566
4005
90
7752
3394
9735
7269
319
9484
1477
162
9212
4398
5804
3925
3718
5378
7999
6371
3672
453
7579
6379
118
5064
3673
7559
9549
2580
1116
7497
6145
5120
3939
3896
4865
3673
1165
1536
3156
8993
8049
8719
9743
3852
8995
3460
9229
6994
9830
2900
7446
3761
5630
7563
5176
9302
1474
1076
1882
8941
8573
4378
412
2511
4626
1628
2535
5790
3163
2043
1134
1211
7113
876
1414
6108
4336
642
3101
517
3541
546
4277
5522
4461
5805
4824
2286
6880
3057
1226
5452
7434
7989
4314
2059
5968
3201
4200
9131
5243
5334
6693
2355
2561
8107
8462
6896
5100
7914
3765
4993
4812
8041
514
9272
197
1689
7909
7077
4745
5486
2528
2179
3474
3194
589
9441
6394
1141
4923
7988
6474
7968
342
9034
2426
5156
2282
7525
3069
6046
8869
7880
438
9383
3503
635
7423
1411
7711
2168
6896
6590
698
6721
6135
1286
2514
2528
2426
7436
515
5251
1755
7209
637
4180
2364
9270
8057
1784
1667
6925
6016
2104
2659
5870
9090
82
7281
3152
8601
528
6094
9298
3601
2228
6935
6114
1108
5713
9901
7974
7315
1656
1534
4303
5835
249
3572
243
2033
5238
3520
4400
3694
6178
269
2783
2611
3901
2287
1211
4429
8380
6860
8029
6959
3795
494
4418
5859
394
2392
3173
2049
3925
7476
4236
4174
7399
4478
2558
2637
4349
6957
6330
527
7225
5464
9489
1126
7750
7052
1906
2481
3911
6286
9440
4057
6779
3857
9915
7172
2600
9440
5573
2877
3267
9808
3402
665
637
5959
3301
4986
9267
5982
1864
2843
7798
7704
3968
1899
4755
2225
4380
5018
8510
171
5426
1640
379
1693
8812
9331
1132
4384
2207
4398
543
1960
5062
7531
4270
4715
2516
3536
7048
731
2730
4845
4787
6698
3096
9541
5274
3827
910
3784
3997
6336
1775
727
4380
586
6409
5511
1321
4967
6260
8215
6926
7673
5746
1195
8739
4613
1082
5787
5344
3812
6983
130
6861
78
6022
2134
3904
3284
2269
4252
9619
4044
1331
350
981
7739
5860
8654
2706
8471
6868
9631
2495
2613
7178
1234
3578
4611
3372
5273
4774
354
5402
1634
6784
7775
120
687
1058
8740
1291
7028
9135
2621
7377
6468
359
9588
5121
3064
4410
8340
2695
6905
7305
6224
4490
882
834
7861
6154
5608
4566
7907
3593
1349
2033
3712
8388
9443
8804
9678
6470
7938
2298
199
4405
2656
6138
5877
5720
6900
4217
8414
156
1521
989
997
2402
1822
8857
4907
7429
9774
2813
1022
1123
4845
1085
9510
4287
9888
9187
7109
4178
7836
3659
8582
491
6148
4459
6210
9399
8675
975
9554
6547
1963
550
8948
3785
5758
3854
7565
1884
3018
4938
3006
4214
2375
8867
4853
2262
4405
8313
6439
2240
1971
1373
2730
4470
2183
5292
3869
7209
6266
9774
3755
4581
324
9054
4717
2433
9259
8633
4316
2276
3571
3673
6489
5945
8891
7693
4558
3295
6005
7349
1886
4327
5073
968
8797
7255
2611
2665
4463
5228
2438
4569
9808
9113
3622
876
7898
2880
9509
2213
5155
3079
2238
7995
5375
1128
2040
6284
775
8044
3632
9012
2371
8704
9979
1167
2310
8941
183
3124
4169
8972
7692
3976
4437
1313
1204
2334
4192
712
898
5698
142
3135
45
5516
615
2084
1799
1389
127
1783
400
8849
486
6731
6367
9148
5671
6549
2271
9839
1873
9963
167
6309
1275
1370
8642
1819
8433
9539
3868
8574
9026
3912
4089
9640
2347
2239
7380
8826
4021
7779
7674
859
861
4041
6
2884
6941
2276
2722
8813
8590
9240
5121
6217
6961
114
8035
5393
6005
1902
318
5030
2166
4406
1021
4512
2997
8400
3337
7017
2530
7363
7875
3391
1403
4232
6274
4695
2860
5347
3508
1449
939
4980
4017
4251
5094
8403
5996
7450
305
6313
8831
8822
7071
6203
3333
67
4602
3022
7083
3483
384
1310
3225
8138
1893
5850
2832
4752
1197
2691
2553
8487
4023
2921
2737
5468
1324
5084
2917
1628
1397
8099
6801
8467
4301
6485
4885
8902
9506
8319
8736
6241
5980
1961
730
7873
7810
9914
8976
5358
8956
7880
3844
2978
801
2933
8445
2124
4368
1361
103
5764
9459
6903
582
3759
9739
5466
9012
9245
3785
7748
1837
9764
9708
2567
3988
3869
8832
2964
9227
7787
7195
9422
765
7995
8706
9209
6470
3074
6922
2924
8837
2732
9826
5771
2843
9565
1236
1854
5161
1372
5953
3349
7488
2012
2267
1475
5881
1098
790
5107
5237
7985
880
6001
2331
9586
1561
5153
2659
8482
8076
7847
1214
4254
3617
4056
170
1205
2261
5330
8928
4566
5030
6415
6577
7297
7890
8809
4746
5031
267
9982
9367
1147
2334
1698
732
3895
6850
9742
8728
1277
3940
6293
5530
7557
6700
5699
5113
8961
7380
4040
9878
2410
455
6454
6058
4696
5263
803
6078
5529
7137
5445
3027
9470
7142
110
9716
343
9851
8444
1619
3791
4736
3501
7699
7788
9199
2811
3100
6579
3202
2977
5340
8
9430
1397
4703
1044
8551
781
2925
2039
6225
5951
1509
9718
2413
7576
6412
2263
2371
4382
2405
7107
7882
103
1246
7081
9265
4345
11
2467
7321
5350
2474
3102
3098
3529
4146
1648
4309
3422
3687
6885
5724
1547
2954
8136
5474
5717
399
7845
98
2803
1303
4332
9258
2548
7764
8522
6892
7774
7340
4212
9475
9814
7313
2572
3342
7810
571
4002
1231
609
7238
6955
8507
6543
1442
3981
2259
1840
1825
2356
995
9479
3039
6604
2026
802
1477
8917
4927
8817
3128
4401
4982
6792
3324
8323
4602
247
8676
5832
7207
2265
9138
5714
8807
580
6046
1065
8771
4222
9772
6117
3700
9163
9072
5725
9964
549
993
4891
9365
472
9291
4346
7263
8967
9020
1864
9213
4047
4048
6419
2663
9537
8484
1469
6468
881
8885
1591
5102
5008
7707
5153
4170
3131
7229
4134
3679
8221
5376
9395
8692
1018
92
5955
9984
9111
4170
5548
9509
4569
8319
2171
4106
6802
9991
573
7683
5227
8515
9136
234
2574
4289
756
5704
1517
1241
5734
9738
6616
5128
4781
7633
5219
735
3969
681
1257
9516
6541
5825
7834
8711
6282
988
5053
3207
5022
279
1721
4157
6864
4294
4797
7619
9997
6314
5211
5730
2403
1826
7209
7183
5811
2427
4270
6131
9459
1878
1998
5999
7702
6184
1061
3984
7171
6113
7190
2192
2743
5262
2700
9607
9556
7497
3577
5904
3810
8788
7986
2564
6965
5194
6098
9127
3973
6719
5257
3431
8596
7255
9430
2650
3438
6842
6633
6960
9307
174
9151
2049
5435
1850
8007
1342
5698
7936
7246
5859
3075
5231
8422
39
424
872
9166
4396
7590
774
4179
6186
4380
9960
8835
4169
6801
1819
1128
2459
8344
6630
860
130
4832
8866
7824
529
3153
5069
6388
6227
6651
1161
2618
3426
2032
1783
4174
5974
8908
8352
2159
3288
8311
7345
7456
1463
5515
4936
3922
210
7917
4781
339
2748
9998
4514
9629
9503
9582
2368
5729
2584
3528
8346
6010
1912
6480
183
7885
5388
8534
6395
5027
3196
91
8834
4658
1957
121
4931
2166
8038
9711
8856
7137
6061
3370
6765
5563
9303
5484
7643
1887
9012
5989
4248
7275
8820
4430
1511
559
9315
7905
5585
2510
4347
771
3519
2655
891
8450
4820
8928
4512
27
2417
6924
9748
9181
2486
9051
4665
6481
7289
28
2469
1536
3654
7640
2317
5164
8199
1631
9420
3783
492
118
905
362
2772
1796
5163
7591
7075
6027
3969
9491
2950
3717
5024
1788
9119
9688
8268
2759
6067
7088
646
9720
4727
2962
1235
2925
944
654
3060
1435
771
3964
1796
9894
2111
6959
3836
5538
2985
7804
5028
2286
7872
51
4073
3342
6090
8692
6100
8508
5779
3097
4579
506
6058
5813
9782
7001
2818
2841
4787
9940
3157
6583
9833
1619
9893
3668
7156
9229
7824
2184
1514
5695
8586
1939
5389
1028
630
7840
5887
2761
937
466
3266
3346
2630
9399
347
1800
8592
5133
1739
8100
8067
7924
9718
4311
7943
6874
3539
2118
5409
1405
4165
346
3343
9553
7725
324
7392
3612
3084
4680
429
2701
8026
3058
2100
4724
1209
7043
6208
9300
5142
4275
7223
1211
4937
1517
4436
8476
3635
9844
6232
7799
6542
5926
7351
618
6249
1094
4229
5685
5774
1009
8385
151
419
6836
4874
1627
230
1081
926
5371
1707
4500
2934
6644
2369
7369
1471
6003
3565
7702
153
106
9979
3855
723
6227
4948
1304
8263
7073
8664
6648
7223
9082
9835
8448
7061
65
9529
7986
1787
7587
8838
4720
4230
1206
2089
2052
3560
5653
6105
3712
2110
6083
7566
9184
8662
8865
487
6924
5938
5503
9923
9512
4584
9758
7960
1644
6174
3840
5982
7960
1426
4819
9032
5656
2376
1120
4059
5935
3124
164
9646
5233
6246
7211
768
1259
6075
7607
8183
8364
3109
8105
7876
7692
4214
2187
5688
387
6026
1669
4699
7451
2839
3730
9458
5214
1201
9869
7500
676
32
7145
2260
2629
707
3027
3888
6781
633
8422
1497
3741
6526
5724
7785
740
7910
3472
7478
287
1492
2176
4089
682
5905
3547
2247
3457
3415
9746
4132
9798
6890
6391
2426
7596
9418
2665
728
50
1086
8576
143
3964
4299
7927
4703
8560
7750
2180
8846
9241
708
2935
6274
6612
2833
8520
6421
2599
8265
552
2396
1506
6943
1173
5453
2712
190
2532
2761
1275
1108
9255
5238
5406
7181
6292
3966
4930
4824
2811
522
5531
2097
6795
8494
4929
1666
4914
3879
6282
1818
2626
7787
8760
3799
9591
7823
340
2123
583
1614
3230
9838
3204
8635
3370
5847
8952
8300
7022
8115
5173
8904
211
1968
3750
1492
9985
5015
5370
6267
6832
7996
405
1943
8146
9996
9765
8485
8470
348
6450
1699
6537
6005
6685
6258
8204
5637
4557
5225
3751
6082
481
313
4401
4230
1804
4385
9244
7174
7003
6076
1521
7408
4370
9666
3755
4135
4502
2224
834
951
274
3722
3308
3310
9979
1511
8946
888
3087
9048
6969
3567
9361
1369
4148
1164
5753
9744
4689
2756
5819
6209
6515
6540
2226
6621
674
6727
5196
1507
4030
5469
5228
7337
8778
5207
5199
4076
6094
8285
3123
3062
8204
8835
782
2351
6351
6534
2094
1039
5641
4264
3600
8507
804
5825
5127
1477
2552
322
9336
6581
2142
4563
269
7272
6121
5467
7699
8566
103
821
1627
8306
6008
8760
657
2358
5294
9102
9748
7286
9718
3347
5793
521
9172
7271
8349
1723
3945
4036
4655
2438
8599
1275
9709
1071
6741
7407
9637
6843
4580
7615
1501
6939
6375
2157
9296
8020
7610
9043
5305
7327
8742
7449
4199
7913
1072
8900
5987
5016
2935
6993
7453
7885
8267
3514
8956
1359
7272
4944
8201
1851
2558
9701
8789
8932
8209
4436
3303
2171
9831
4960
9497
8572
2408
48
6484
9831
8947
8822
4846
1881
5814
8651
6118
4080
8516
1425
5438
5787
6368
9990
3990
8925
6043
9130
4209
603
3566
3863
2773
3396
8822
8622
8319
1230
8669
4802
7412
3967
3623
2258
2199
5788
7260
8316
9867
2127
9740
1656
7913
6107
7997
1902
1384
391
1032
1944
994
949
5806
3766
696
4628
8739
9014
2209
3759
167
9620
7725
141
8229
9924
5928
1840
4591
2146
3966
4331
153
1879
6789
8149
132
4524
8540
7515
6467
5885
4815
8625
6002
5510
3252
4741
4523
1812
8499
1041
1431
2576
1181
6012
8851
3460
7851
3441
5605
1817
4123
2109
47
912
258
6530
1787
5149
4045
8254
1033
8859
3230
7034
721
6481
8126
5243
4644
2977
2636
6074
5552
3816
2085
4402
3628
6288
4194
9232
8104
8317
7693
8150
5580
4302
1031
7366
9450
5075
1971
6834
286
5200
219
1006
8032
8345
2600
2675
1321
5235
5101
3224
5403
3537
3977
9030
9824
8170
4613
4279
2838
2305
8780
8417
6606
9811
2135
2407
1237
457
9240
1522
2009
5811
8879
40
4155
1479
9067
1827
3065
519
1402
8467
407
5378
3848
231
9899
8461
861
2737
7117
9641
7505
75
9451
9639
2481
7039
96
8073
8561
8456
3883
7439
4847
4389
5269
3913
2567
8334
783
3968
3152
1190
5697
7000
7772
5595
1812
8632
4683
8928
4624
2188
9002
4074
1826
7835
7465
8273
2259
6025
6728
6141
9815
7927
6881
5084
1839
9447
9769
8974
9766
2920
163
5462
9919
4286
7408
1730
2917
2091
7010
7541
4278
2363
7966
2455
197
5430
7080
8807
7806
159
4947
7621
8085
8179
9056
6276
7625
8824
5249
3742
8095
1763
9203
8014
6048
2963
6095
5316
5053
3104
2856
9330
5467
7174
8136
2015
8955
5215
822
6761
1726
2120
733
9810
299
9788
6085
4275
4963
1333
8017
3057
9447
3571
7422
5494
6533
3517
810
1585
2972
17
7266
8438
3542
1754
6805
2497
6968
3978
9257
8693
6097
9989
4855
2747
6128
939
3374
7442
8624
7742
498
4422
1312
7920
9916
4197
7788
7077
5781
759
3445
9399
5549
6987
1152
2353
9483
4471
2682
5091
9516
5130
1431
722
7877
7558
1660
7602
4999
6635
5343
1848
1057
3006
6119
7324
7202
3906
4400
2983
1017
7844
8733
6565
1182
6236
5269
664
7058
7950
5754
6573
9431
7184
3646
7307
1093
1658
1260
2443
8292
6602
643
5700
9608
6761
3023
6809
7019
3774
6143
8035
7970
1227
951
9151
7462
6219
6167
4520
520
1920
7444
9950
5456
1090
3609
6548
2747
4868
8991
7390
7822
9633
9442
3781
2745
2464
6941
9763
2590
3084
4149
6911
662
5099
6061
8124
7669
2227
8995
4540
499
2790
842
5954
231
4450
8853
9329
5669
4195
3071
9842
3827
2512
3622
2924
1327
563
9038
3916
9998
3187
7178
659
4637
9591
5134
8658
8169
480
9549
8667
3270
390
972
9852
1191
9825
9181
3212
4019
2251
3053
4198
1114
3027
7121
2440
9941
6158
2708
9938
5696
9885
6948
6685
9475
2082
5342
7644
8913
4890
2662
2182
1632
3634
2034
2822
3458
7566
6033
3828
6168
5438
8025
7281
4816
5145
6072
4756
7655
5131
1045
9702
5016
7992
6386
842
6425
8079
4837
5338
9321
7499
3871
952
7484
2256
125
7293
6173
2510
1120
2340
7947
5497
5972
2762
6993
8396
3869
4647
3526
4913
4349
4893
9256
7086
2087
2033
5165
6923
7370
4485
773
7592
5436
4608
6200
5560
1900
2372
4421
9372
4712
2367
4868
7035
1480
1860
1782
1700
2859
5308
6612
3559
6552
5868
644
8638
7900
5808
1913
1621
6644
9037
5564
8431
3645
1763
3991
1896
4135
4763
7619
5198
3482
2486
8584
4961
698
366
3013
9908
5673
9624
9818
8576
1843
461
7214
9742
2621
5478
7714
9264
4514
3278
7695
4510
5040
8037
6406
5526
2799
4024
723
2632
2862
9307
3945
9911
9672
6957
6170
1696
6580
5987
271
8423
6447
3836
4516
5419
9313
8582
1035
179
8211
5081
4688
3250
9469
7445
5128
8619
7821
5850
1251
7034
1508
5195
6944
1179
2151
9465
9226
8730
5451
5849
3504
8249
6036
4372
3668
1701
2953
1054
1879
1163
6134
2918
764
5602
363
2243
572
8183
8093
1822
5216
9600
7016
8511
7131
5518
7975
2708
600
3425
8556
4103
1673
944
4826
1692
2644
4130
2745
874
1644
5230
3791
8760
7183
4153
1002
7755
8687
9094
9576
3902
5046
2944
2412
8528
8461
6738
1235
9060
162
6143
9515
8187
3438
4340
9878
6081
8470
8975
6954
6465
4204
7096
5224
1387
1249
6226
9141
9935
1671
8716
189
3068
8011
8952
1595
6472
5690
9182
5531
5851
5324
5045
389
8761
5737
267
1193
558
9241
4498
7022
9796
1593
8598
1182
9193
4823
6674
5480
2845
1742
5668
5913
9752
971
3859
6223
6660
3040
8106
8863
8363
3150
9251
3475
5238
9517
1019
5795
5109
5516
9169
1257
3461
7766
2438
2653
8940
5464
8132
1784
7205
151
4048
6956
1122
7907
3179
4133
946
1284
2995
5661
785
2246
9135
2375
8114
6506
8169
9575
2021
3689
831
5481
1454
3268
4486
393
5083
8969
8529
2287
9120
2576
9243
6593
6834
8773
7077
7780
6408
72
9792
3544
8669
5278
5918
6782
1783
439
6356
3804
4127
7186
5636
5581
6806
121
2325
1888
9090
7205
4175
8209
6133
9769
1153
2966
4893
8229
7097
1300
4652
6888
1195
3320
2166
7113
102
3948
7551
2809
4103
8029
9995
9739
9961
3152
9859
2286
1391
8948
5842
1917
3508
8326
1685
1012
7644
2929
5593
4740
580
244
7980
1775
3564
6497
5239
17
444
2789
2825
899
817
9171
6989
778
8674
6847
9415
65
2147
1608
1981
2006
9934
18
3018
7577
2946
8610
8668
3526
5205
6647
1652
8768
3143
6890
5136
9939
6030
7961
7189
6846
3483
4177
3975
2157
7375
9741
2221
9521
7701
4201
1527
3986
4218
896
1562
3516
5857
6581
3393
1061
9580
5044
6181
9074
1933
1316
5364
7962
5628
2552
1159
9111
6728
1486
1267
455
7578
3487
9975
5278
4039
7853
9263
4609
8748
7176
4476
4604
3757
7868
2017
9688
2911
8197
8761
4843
9512
4125
9156
5140
3028
314
602
6108
8151
1868
6562
5729
1706
6536
1006
2096
741
6621
6704
9488
3796
7531
444
3904
5398
2460
3591
8308
656
8704
9502
6519
2828
5009
8010
5855
5323
8611
1962
9825
478
4875
5553
8535
1411
6559
631
2151
3179
3686
7990
3326
1217
8433
7230
6614
7244
7172
1274
7899
5875
7127
770
8702
2136
8779
909
3810
7390
9222
3634
4219
4097
9187
2754
1859
2097
9736
361
1627
3421
8350
4952
4637
3135
8533
7603
378
5705
5228
4629
1579
2354
5398
6633
841
4176
3893
4650
7917
9466
4636
2136
3562
3822
1241
1772
2270
976
2132
3896
4396
6834
5199
5385
6320
3732
9339
6697
5788
4566
7677
3718
3271
9426
350
464
9954
594
5113
7870
60
9748
6357
9973
9921
7597
1745
8542
8572
228
8789
9320
3413
3988
4704
9732
4071
394
2781
9858
1311
457
3575
933
6235
277
1396
6188
870
6509
4057
929
2608
6766
7254
8881
4362
8998
7422
2934
5577
6211
8605
8990
6550
3308
5073
620
53
7853
6829
1363
4662
403
2295
896
679
3691
3435
7901
6551
7491
8829
5510
4256
2434
4390
4970
7783
8164
4255
3360
726
2859
8701
3627
2518
125
4246
2570
4330
7426
284
8991
7828
2578
6238
4859
2620
9672
2759
9170
3514
7939
1032
4122
373
5421
5443
8155
9936
9697
1514
7013
8907
6566
639
1424
6691
1236
345
1020
8661
628
6362
2841
9557
8951
7699
2177
4974
457
7698
8487
8395
8729
8960
8767
502
4402
6922
6789
4098
4787
154
3004
7705
7144
779
747
4732
7475
8118
9744
4454
4479
2584
4011
9781
282
2539
4754
7090
6588
3240
1837
1669
2200
603
2170
2953
3876
5310
3403
5015
5463
6406
2719
2607
3537
9817
7338
1011
7934
7081
5465
2412
6017
5827
2192
2650
4717
6945
9740
1304
6536
1576
2972
5087
8530
1493
8040
8758
3155
1442
3772
8617
4199
2842
7575
4087
2658
1264
1450
6943
4697
3266
5706
713
9092
4249
3362
160
7545
9453
1463
4080
1028
787
5519
5910
8631
3558
4667
1785
1351
4790
6754
1901
3983
4328
5988
2992
5592
7437
9934
288
7054
5639
7352
6145
9887
713
2656
7431
166
470
7862
7545
1256
3380
3454
6239
3289
4472
8023
991
9261
4776
2892
3243
5456
5231
6234
7399
2667
6167
7686
9720
8157
1389
2216
4395
2101
4871
8177
2266
1692
2391
6163
2948
2122
9616
9186
5411
4088
3560
2753
3348
4688
5644
2943
143
874
5528
3893
9892
8047
7930
5963
6203
9318
4530
598
1418
5752
5126
36
7444
7516
6198
6743
9638
2165
2280
1400
6252
5839
4152
5952
6878
6148
8894
3372
3373
4421
7264
9617
2467
5193
1931
5022
4510
6461
1971
5928
8564
7096
2315
6007
964
8512
2749
601
676
1380
8352
3280
3571
2503
9231
448
5002
4476
3820
8375
5248
1083
4343
4067
2628
6273
5440
7137
2733
7410
9416
1297
857
1730
3655
8172
6593
2756
8772
3621
4135
3475
6900
7705
5978
2482
8153
7331
3309
8324
2057
4908
5758
6399
5326
8385
2672
765
5522
1756
4526
1289
9404
1735
9371
3059
9906
5963
2166
5030
9583
6300
8504
2834
357
833
1667
4861
8164
1327
3184
220
2587
8941
2971
7912
3678
1994
5029
5551
3749
5906
6839
9505
7640
6209
2563
3898
8524
1080
8927
4458
7379
3782
3644
7735
4615
5310
8947
9130
2989
2130
5701
5575
7423
5023
3486
7452
7016
4866
3002
765
772
6192
6621
8411
8753
9183
2308
7276
262
7586
1733
3992
7720
1728
8079
8686
7038
7025
7815
6378
5507
9867
1952
9281
4890
1789
6732
1905
6655
6085
9021
7426
2276
5641
2188
1028
1175
848
4655
7788
4785
2740
8132
2504
4467
6210
1189
7856
9586
5355
4233
1444
5222
6184
7076
111
4325
3807
8367
979
6243
7388
4756
4871
3028
6943
2250
555
7790
6905
8342
2575
9644
6473
5078
4110
9034
6267
1966
4972
1621
6198
6415
3194
8734
3491
3304
3058
3649
1671
388
9892
5410
5143
1114
4789
2085
3363
5343
9875
267
37
8801
9910
2861
3878
372
1895
6496
2337
6866
4469
4886
9632
4014
3619
3122
7318
3028
3123
5340
3415
3014
749
8557
4127
5537
6994
3841
7232
3220
4108
7268
2020
369
128
2249
740
8374
8745
9428
1591
9565
4314
1223
3578
4284
4344
7247
3664
7466
8938
7078
6831
9686
1987
7309
1575
5332
1150
5158
8551
1609
8777
570
1977
8904
2818
9069
3630
7914
8496
5220
3830
9161
6442
3760
3445
7138
7358
7108
4603
6296
537
7786
2333
8875
1446
3907
4206
8947
5416
2756
555
4192
9677
8884
9448
8847
7952
3077
3112
6447
8296
3294
5608
4738
7053
5404
8227
4410
8863
2829
705
9399
6966
9390
4626
8412
3296
8831
7358
5064
7939
4265
9255
3967
3148
8702
2813
1099
1778
2277
3897
6426
5570
5856
7515
2622
1259
5741
3383
6473
4921
440
2224
8239
9829
6849
6650
9476
2031
359
4539
9969
975
146
3936
4122
8847
3100
1572
6977
5376
5469
9754
7297
7676
7268
9918
5287
9360
9653
1759
632
6444
3982
8870
6272
830
5519
2099
9213
2230
6638
9181
3204
3135
9468
3678
1981
8920
5249
5309
647
7069
1414
7944
4745
5033
4213
31
4392
3865
1789
5024
308
2123
3893
2931
9304
5764
5030
8516
4345
8019
4049
3900
1153
9868
7577
9485
8787
9178
1146
9434
6246
2559
3729
990
7592
7941
1020
8335
8158
9161
9710
8465
1283
9955
7748
6938
2070
9129
5454
6414
7147
9502
313
4651
9369
4242
4135
4508
3419
1632
293
9664
4191
4021
7006
8134
1961
4377
2820
6470
3537
2530
1287
1171
8836
9034
8109
905
8162
9914
7318
1660
9415
3982
6310
5135
4575
6796
9642
7993
8428
6286
4009
8970
306
7366
3455
8619
1742
6274
5088
5279
5155
6374
2801
3990
1759
7261
1246
9920
7174
8563
1579
6588
8897
4240
8075
3471
1036
4068
7816
9463
354
8176
8432
7011
5541
1886
5629
7282
4511
7069
8912
6018
9794
8065
7
1553
5325
1253
7824
2499
6167
5755
5438
1415
9994
3512
1238
1029
3932
5405
491
4285
3580
5274
1295
5472
3511
3276
9105
8022
344
8017
4039
6489
6081
397
8041
7757
8001
5865
255
520
1619
5693
8286
7964
5556
9523
8993
5839
1279
5835
123
1210
7461
7770
6681
971
7397
5786
5344
4092
154
5734
580
2586
6131
8621
342
483
837
6949
1002
8807
8993
9288
6770
900
5162
2114
6739
6441
4301
3213
4002
1761
7334
683
9083
4730
2820
4427
5173
9325
160
5753
8262
2642
725
8603
3125
7913
5551
478
6719
895
6117
9840
1795
7631
8306
8533
4071
2606
1745
8072
718
9079
5106
9800
160
4277
578
5333
3601
7090
1085
1862
6083
8161
6817
5559
6073
8719
6037
2791
9614
8505
8982
1408
6135
7287
6292
6557
6244
8036
981
6961
3466
2438
3113
3626
6715
42
8958
6667
7131
6394
4881
9566
4554
8049
5124
626
6767
7512
9768
2732
2369
8749
4139
8503
2388
430
1412
8631
4818
2392
1944
8283
1181
1408
1908
7895
1449
865
914
4932
7258
5794
4497
1811
3842
5972
8788
6960
9836
8555
9692
2204
3656
182
706
2395
6964
8469
7377
1781
7212
5672
63
8393
7079
8323
2639
4880
5539
3552
9811
2797
5697
659
959
5890
2982
6099
2850
2817
1005
8893
5020
4660
9074
2078
3406
6037
546
783
4169
7758
6454
584
6150
9885
8906
8788
4764
4444
8692
4574
3592
4388
1584
903
6630
4565
7001
9479
7382
4357
4723
2401
9017
3796
830
8774
6185
1376
9556
6705
5485
2362
7288
7986
2246
2545
6773
7009
6989
1816
7934
6932
2556
9517
4186
9185
433
1186
5015
7814
5543
9737
6567
911
9884
7396
6036
2420
5123
5592
9125
607
4305
6412
8592
6550
8957
1717
9910
2297
3532
4195
5580
2439
3711
9766
1623
495
7303
6637
8309
9197
6373
4875
6459
6257
8622
2495
5028
3745
4438
4152
4351
8742
6916
9295
1643
2224
1011
7904
4520
894
2098
99
3333
2160
6216
1307
2654
3519
7944
962
2715
668
2188
5526
3276
810
8020
8304
4554
2457
2455
5256
1198
9370
4550
9192
1593
1912
7095
2464
9158
9192
8915
2490
7703
5130
3796
356
5000
8091
7670
4067
8759
9857
9592
2034
7018
7611
337
1571
67
9144
3179
7616
8513
7728
3159
6458
5992
253
8921
5149
5796
4187
3990
3498
5669
4137
205
668
2228
7874
4734
986
4083
4325
9371
1100
8287
9708
9023
4705
8851
2201
8672
3715
6280
1830
6524
8623
8434
1797
3771
581
5983
7760
4078
1651
8249
635
8671
476
8508
3404
7813
8942
4081
3535
42
8719
3242
5416
3424
8444
3968
2095
8511
6599
277
5034
5222
8710
6830
8992
9291
9165
3104
9720
815
1352
354
9485
8179
5214
9241
2343
507
9673
5877
6900
8391
5471
2315
8166
3914
6282
261
8776
9233
6889
3810
4454
5598
6991
3445
1240
6155
2900
960
6970
4251
7665
2806
8781
9230
8398
1123
9737
4422
7000
6636
2813
2470
5303
7330
2735
7936
3942
1511
7168
830
1672
7973
2780
8662
7770
4019
4817
669
1330
8138
1272
5347
7295
52
928
2045
1175
664
6466
4526
3652
5630
6995
5306
2960
9729
3241
6901
7591
6761
4083
9262
4733
6862
7924
2502
880
9092
9523
8562
3581
794
3908
875
845
4835
2919
8371
1851
5737
2896
1854
1366
6242
7159
677
2323
6751
7578
9913
9863
1660
9175
948
4873
3450
3449
5752
8893
9323
4313
2473
116
8220
9699
7313
9407
8970
2035
1257
4706
4931
3110
6071
7524
6620
6748
9846
9722
677
9759
9585
8688
5285
532
3560
5086
332
5663
3978
9655
9976
2802
6122
4547
2500
9786
305
1469
1821
1561
2526
3103
1022
8597
626
7641
1696
472
3715
8724
6582
3299
3763
1866
182
7322
3303
6865
2984
3632
6519
9311
6433
8993
210
5284
8778
514
3105
6950
8427
5630
52
9448
578
678
3441
8625
7501
7155
7348
4082
6805
1110
2299
6986
4783
5601
3850
4119
9232
6721
9781
2016
2065
9990
7299
842
6856
6755
7792
5282
8737
4195
1081
9314
4872
4521
4291
8724
8027
7990
2805
4831
5452
5103
8168
234
703
8370
704
6286
5090
485
8301
7154
6826
5600
4347
33
8706
8490
5314
7442
2685
2747
3108
3908
3619
7398
2632
1646
5387
5436
2828
838
6891
7348
7424
3945
5717
8127
231
7158
4963
8531
663
1789
482
5009
1821
9188
9851
3487
6629
2535
6233
9736
2794
9851
3485
5425
7848
8872
7213
7028
6061
4103
4375
3484
4399
6443
7963
4629
3600
2925
3160
4262
1065
3641
5622
9238
2828
5472
9076
5809
4358
5308
5544
3504
1510
9029
8928
5710
4252
2492
2737
312
2946
3463
3796
7345
9905
8110
1973
3504
1034
1484
4117
8451
5125
6090
7688
7952
7914
6763
3760
8623
8422
5656
2126
6283
1036
7406
8344
5287
9897
1080
1950
9195
894
2097
2891
798
206
4863
653
7592
6347
1121
6042
7823
7211
81
2126
5124
6843
2238
3746
1616
7893
5872
4250
5280
9629
2594
6918
5877
25
8867
5071
919
7316
7961
8068
7521
9176
8721
5112
1874
9841
7505
9696
3403
7585
8173
8526
779
410
8624
2394
4654
847
6644
9933
475
5589
3202
6351
5613
2069
7774
6531
5736
5734
4599
3256
1261
9671
4720
9486
5863
8576
9181
9266
6161
7354
4143
3291
4115
2766
5685
8769
9964
8680
5053
438
4268
8255
3141
6232
6675
914
2763
2410
2999
3713
2017
4260
3383
6736
3745
5597
5312
9278
4862
7824
2983
5357
1114
7097
4474
3150
2217
4438
8181
7270
1227
8800
5524
4367
5032
2198
1632
7794
4607
4631
7858
6623
5242
1240
9711
8986
3188
1374
4615
4402
5549
3949
9758
6662
1046
4231
6164
9614
5020
4344
6883
6247
9496
2406
6965
4527
955
8597
8672
1913
9579
6529
4888
4820
4120
950
157
7307
2323
1124
1708
4223
5072
7817
7236
2469
8400
3399
2083
3419
4095
8965
6017
3590
7723
9334
8116
5029
7930
3139
3294
3860
9667
8181
8679
3786
9130
8835
7444
7804
9958
9152
2026
1382
6968
9261
3850
5367
9012
5932
5138
3106
1249
1154
3047
5323
487
7514
351
4768
652
9996
8627
318
8176
3657
455
3657
8844
7898
7812
8801
3401
6189
6534
6721
1802
384
8439
813
2667
3576
270
3915
1082
9668
9237
7920
7181
5940
9040
4184
5935
7666
4501
463
1323
1307
471
166
5556
8283
5318
8957
4471
1852
2029
6272
8587
467
3436
1253
395
57
5168
1476
9724
756
9395
6904
3047
8434
1087
5334
2452
1939
5796
126
9597
2618
6643
5153
900
8312
461
1723
6515
2489
7994
5101
9307
7782
2706
9701
7838
4225
1176
7562
4980
6923
817
4379
1708
1904
6064
511
194
1859
636
9791
4476
3630
1295
1728
1942
1755
3450
4808
4243
7795
9909
9901
5576
2614
9602
3414
6838
777
7327
8169
4051
8143
8899
2111
6398
4962
2621
2944
3172
9609
2734
4000
3238
4028
5727
1531
2134
5528
6339
2728
3322
2599
2628
5250
5212
2229
5015
8401
9358
2341
6569
9760
6835
1820
1870
3233
6781
4491
6176
9953
451
5261
3952
3688
5640
6030
1571
7773
1557
7909
500
4878
507
9479
6479
2070
1708
1493
470
7417
3833
3390
7176
668
5209
9046
252
8342
9888
2779
8294
338
8039
8597
377
30
4626
1947
4154
2534
9855
1005
3763
6713
483
242
8782
2190
1734
5603
5958
1919
5345
3134
2586
553
2179
9189
5246
2066
1967
3539
8755
6357
8487
9131
2738
9464
1078
6891
1997
7284
7895
2112
3997
8377
2353
9130
6919
4086
4733
2876
2356
6429
6009
4941
6981
4539
481
8579
2956
8799
8469
1710
1507
6956
841
4244
2771
8270
7486
4768
5553
5380
6879
5901
109
5583
5031
7027
6020
6115
6254
8376
2543
8615
9668
5875
3153
149
